860 950 385 440
860 950 500 563
845 950 605 675
858 945 712 796
852 950 825 912
854 945 935 1031
850 945 1045 1153
855 940 1160 1269
854 940 1280 1385
845 940 1405 1495
847 933 1525 1612
845 933 1648 1718
845 932 1772 1840
685 742 329 372
685 740 415 467
680 743 505 560
682 741 599 659
680 740 688 746
676 741 870 946
675 741 870 946
673 736 967 1046
670 740 1058 1147
672 740 1155 1240
669 738 1257 1334
669 737 1355 1435
667 735 1459 1528
665 734 1560 1624
660 731 1658 1720
662 729 1760 1818
590 650 300 350
580 635 382 443
580 635 465 525
580 635 548 610
580 635 632 688
580 635 720 790
580 635 805 881
580 635 892 970
580 635 980 1058
590 635 1070 1144
580 635 1154 1237
570 618 1245 1325
590 635 1336 1412
580 635 1427 1501
580 640 1521 1589
580 630 1610 1682
580 630 1705 1767
540 607 1790 1850
510 550 475 515
505 550 548 590
505 550 620 670
500 540 695 741
500 540 772 825
500 540 848 899
500 540 922 980
500 540 995 1061
495 535 1075 1139
488 530 1148 1216
488 530 1310 1375
488 530 1310 1375
490 530 1390 1445
484 530 1470 1527
485 528 1552 1600
490 527 1635 1682
480 525 1715 1758
480 525 1795 1840